[{"id": 0, "img_name": "IMG_6292", "width": 1332, "height": 876, "position": [-1.4759880629577484, 1.6090724813669524, -2.7727036587765035], "rotation": [[0.5408209248789425, -0.8404510054983934, -0.03398285699915072], [0.003746154845639686, 0.04280733379713044, -0.999076322658611], [0.8411294154510098, 0.540194075800467, 0.026299561462536303]], "fy": 1034.9718637370904, "fx": 1035.4965990500061}, {"id": 1, "img_name": "IMG_6293", "width": 1332, "height": 876, "position": [-1.8407635630838945, 1.6359130521559015, -2.5433649037676034], "rotation": [[0.5629571785779247, -0.8261638305067972, -0.02307683361986074], [-0.01393212034960208, 0.018431557472607624, -0.9997330512250246], [0.826368629069465, 0.5631284070720193, -0.0011340363235328545]], "fy": 1034.9718637370904, "fx": 1035.4965990500061}, {"id": 2, "img_name": "IMG_6294", "width": 1332, "height": 876, "position": [-1.9077373575135737, 1.6293802107025208, -2.5531138690502178], "rotation": [[0.5377154903964225, -0.6005745540997071, -0.5917535435936763], [-0.04001205021698557, 0.6828883978941147, -0.7294261250181836], [0.8421763991143234, 0.41590099902446404, 0.34316945054197995]], "fy": 1034.9718637370904, "fx": 1035.4965990500061}, {"id": 3, "img_name": "IMG_6295", "width": 1332, "height": 876, "position": [-2.204588739253148, 1.4181679626357653, -3.5942226861855535], "rotation": [[0.5493147786693576, -0.8325610995905667, 0.07138129575722961], [0.11595812872770628, -0.008647490204224353, -0.9932164584294485], [0.8275306558172956, 0.553865720515103, 0.09179203299242474]], "fy": 1034.9718637370904, "fx": 1035.4965990500061}, {"id": 4, "img_name": "IMG_6296", "width": 1332, "height": 876, "position": [-2.3533561955696753, 1.3065010554130532, -3.490919434462385], "rotation": [[0.5143327916950731, -0.834737919024503, -0.19665804313527294], [-0.03950531556643906, 0.20600952158890748, -0.977752221708908], [0.8566802842537867, 0.51065906783034, 0.07298086744825358]], "fy": 1034.9718637370904, "fx": 1035.4965990500061}, {"id": 5, "img_name": "IMG_6298", "width": 1332, "height": 876, "position": [-2.5139493097975705, 1.3914424159686836, -3.4458340056509424], "rotation": [[0.5151676954122839, -0.5210182145472577, -0.6805455647593216], [-0.08184783608356373, 0.7604847224918323, -0.6441769311182751], [0.8531724194628155, 0.38756032687377656, 0.3491329484615525]], "fy": 1034.9718637370904, "fx": 1035.4965990500061}, {"id": 6, "img_name": "IMG_6299", "width": 1332, "height": 876, "position": [-2.833133897515694, 1.2868067511491912, -4.685981272607194], "rotation": [[0.522217138436297, -0.8528087227144543, -0.0025578869299167444], [-0.005173054277156341, -0.0001683905540590227, -0.9999866054873268], [0.8527968690332132, 0.5222233756801412, -0.004499562243914627]], "fy": 1034.9718637370904, "fx": 1035.4965990500061}, {"id": 7, "img_name": "IMG_6300", "width": 1332, "height": 876, "position": [-3.1019965097182483, 1.2952502851292897, -4.477242011744072], "rotation": [[0.5041647136665001, -0.8463301420538314, -0.1718814479364107], [0.00652565261109268, 0.20275498009557613, -0.9792077582946541], [0.8635828607328744, 0.49256036046111507, 0.10774476298568321]], "fy": 1034.9718637370904, "fx": 1035.4965990500061}, {"id": 8, "img_name": "IMG_6301", "width": 1332, "height": 876, "position": [-3.1787922384668925, 1.290120789003639, -4.440924564637948], "rotation": [[0.5204293087416605, -0.5668680280791242, -0.6386031422913316], [-0.009202416665411285, 0.7440955419142595, -0.6680098352800208], [0.8538551692940634, 0.3535285890066176, 0.3820325727275051]], "fy": 1034.9718637370904, "fx": 1035.4965990500061}, {"id": 9, "img_name": "IMG_6302", "width": 1332, "height": 876, "position": [-3.345681842331409, 1.2201097402341456, -5.217438199554995], "rotation": [[0.37156346901673964, -0.8884008649660139, 0.2696006150213396], [0.6732467974048231, 0.05787705777701292, -0.73714923588594], [0.639280328397797, 0.45540547791030633, 0.619618037514153]], "fy": 1034.9718637370904, "fx": 1035.4965990500061}, {"id": 10, "img_name": "IMG_6304", "width": 1332, "height": 876, "position": [-3.5633223943667125, 1.4534677584903255, -4.967878329675241], "rotation": [[0.4158110124744116, -0.9084049018436149, -0.04360890059949875], [0.6971769252666484, 0.34918120632885535, -0.6261124659535754], [0.5839910416956294, 0.2299413391567893, 0.778512327305121]], "fy": 1034.9718637370904, "fx": 1035.4965990500061}, {"id": 11, "img_name": "IMG_6306", "width": 1332, "height": 876, "position": [-3.50819787975651, 1.546604919705166, -4.991382109954659], "rotation": [[0.26821194097721496, -0.910448224250003, -0.31487519063471997], [0.845185540142604, 0.3792375629796098, -0.3766168790151884], [0.4623026686610078, -0.16511481394866656, 0.8712137170428434]], "fy": 1034.9718637370904, "fx": 1035.4965990500061}, {"id": 12, "img_name": "IMG_6307", "width": 1332, "height": 876, "position": [-2.727944207728822, 0.736017771672682, -4.839741874822889], "rotation": [[0.02844829188104783, -0.8087861182963652, 0.5874144274191335], [0.9980187412822994, -0.010009923666787116, -0.06211596797506568], [0.05611850620200973, 0.5880177006513351, 0.8068989385185558]], "fy": 1034.9718637370904, "fx": 1035.4965990500061}, {"id": 13, "img_name": "IMG_6310", "width": 1332, "height": 876, "position": [-2.7148180718973007, 0.0447111466077693, -4.76247199341971], "rotation": [[0.01783861718948265, -0.8590197933179341, 0.5116314869364288], [0.9987514750413796, -0.008571513304750554, -0.04921402505724135], [0.04666127773042006, 0.5118706124087222, 0.8577943817214498]], "fy": 1034.9718637370904, "fx": 1035.4965990500061}, {"id": 14, "img_name": "IMG_6311", "width": 1332, "height": 876, "position": [-2.9177304233315446, 0.049553093216468315, -4.629173700507621], "rotation": [[-0.006774922907835755, -0.838838438871933, 0.5443382899360387], [0.9998740205095901, -0.013496518920144557, -0.00835386659133169], [0.014354216439098014, 0.5442131176735235, 0.838824200308076]], "fy": 1034.9718637370904, "fx": 1035.4965990500061}, {"id": 15, "img_name": "IMG_6312", "width": 1332, "height": 876, "position": [-3.205614846687112, 0.0550482533930743, -4.526944366478255], "rotation": [[-0.002957584067396773, -0.9974337529062223, 0.0715343362301844], [0.9999146767428241, -0.0020395805970233527, 0.012902687521654662], [-0.012723675993104259, 0.07156639347065796, 0.9973546808406855]], "fy": 1034.9718637370904, "fx": 1035.4965990500061}, {"id": 16, "img_name": "IMG_6313", "width": 1332, "height": 876, "position": [-2.6667353284274884, -1.3487402559980934, -4.823106954253097], "rotation": [[-0.017987001443130167, -0.794963604290659, 0.6063904151883419], [0.9998161442980168, -0.01833129188659457, 0.005625063449959836], [0.006644198983506987, 0.6063801048772735, 0.7951471706727594]], "fy": 1034.9718637370904, "fx": 1035.4965990500061}, {"id": 17, "img_name": "IMG_6314", "width": 1332, "height": 876, "position": [-2.858537459726516, -1.3442889795111725, -4.698484614066465], "rotation": [[-0.04052480215172075, -0.8952950836465101, 0.44362647983292475], [0.9991601744003568, -0.03361938669094693, 0.02342397768895827], [-0.0060569218925231785, 0.44420316301993285, 0.895905610910142]], "fy": 1034.9718637370904, "fx": 1035.4965990500061}, {"id": 18, "img_name": "IMG_6315", "width": 1332, "height": 876, "position": [-3.230970625421377, -1.3667964974829694, -4.558353889029161], "rotation": [[-0.007935800249610114, -0.9953123328081299, -0.09638663410679232], [0.9992136970762585, -0.01163735591737518, 0.03790197254032125], [-0.038845986273915396, -0.09601006253143836, 0.9946220675428008]], "fy": 1034.9718637370904, "fx": 1035.4965990500061}, {"id": 19, "img_name": "IMG_6317", "width": 1332, "height": 876, "position": [-3.184911572404496, -1.1241965365215838, -4.977710275638735], "rotation": [[-0.5830000869778258, -0.8109461690127745, -0.04977157368772118], [0.019038289212342904, -0.07487812378414953, 0.9970109378148431], [-0.8122490025403016, 0.580309897849477, 0.05909298038020243]], "fy": 1034.9718637370904, "fx": 1035.4965990500061}, {"id": 20, "img_name": "IMG_6318", "width": 1332, "height": 876, "position": [-3.265754731197261, -1.3995513013703502, -4.950425410718075], "rotation": [[-0.5066926011755695, -0.6785262022998364, -0.5318503555573655], [-0.07428150215052708, -0.5802511957091804, 0.811043037277509], [-0.8589207567361472, 0.4504561495535687, 0.24360704213379536]], "fy": 1034.9718637370904, "fx": 1035.4965990500061}, {"id": 21, "img_name": "IMG_6319", "width": 1332, "height": 876, "position": [-2.537657833796352, -1.2706568142304795, -3.6780841532114437], "rotation": [[-0.5485061365835482, -0.8319935361432228, 0.08323325024342801], [-0.02010984640966943, 0.11264145613574969, 0.993432180089309], [-0.8359046669373064, 0.5432298391799859, -0.07851579214984301]], "fy": 1034.9718637370904, "fx": 1035.4965990500061}, {"id": 22, "img_name": "IMG_6320", "width": 1332, "height": 876, "position": [-2.615468644679287, -1.3366693661303266, -3.631288716175879], "rotation": [[-0.552054506049013, -0.7792584440901524, -0.2966346231733142], [-0.04633812710302594, -0.32653631435153657, 0.9440480990851567], [-0.8325194293994365, 0.5349114998987295, 0.14415646689804756]], "fy": 1034.9718637370904, "fx": 1035.4965990500061}, {"id": 23, "img_name": "IMG_6321", "width": 1332, "height": 876, "position": [-2.696868747123856, -1.4185268556155284, -3.5957837043936975], "rotation": [[-0.5279263973880379, -0.6758313664979771, -0.5143400460768771], [-0.05773161914262111, -0.5756538430046056, 0.8156529367232119], [-0.8473256629490571, 0.4602984000531671, 0.2648860204247024]], "fy": 1034.9718637370904, "fx": 1035.4965990500061}, {"id": 24, "img_name": "IMG_6322", "width": 1332, "height": 876, "position": [-1.5460783120731747, -1.385990929692631, -2.8347116431472283], "rotation": [[-0.5625770331388166, -0.8222191276157902, 0.08638742945276091], [-0.01954301671895329, 0.1176875243931226, 0.9928583570176266], [-0.8265138548640608, 0.5568710378399537, -0.08227694046817367]], "fy": 1034.9718637370904, "fx": 1035.4965990500061}, {"id": 25, "img_name": "IMG_6323", "width": 1332, "height": 876, "position": [-1.7466688031697541, -1.3520804985658486, -2.7169999913058773], "rotation": [[-0.5968374940615065, -0.7863153344696698, -0.15966590262241911], [-0.028099178315382296, -0.17838917798375867, 0.9835587106809024], [-0.8018699656804591, 0.5915111968138302, 0.08437453516013632]], "fy": 1034.9718637370904, "fx": 1035.4965990500061}, {"id": 26, "img_name": "IMG_6324", "width": 1332, "height": 876, "position": [-1.9537861953926712, -1.388731274584077, -2.569196426299928], "rotation": [[-0.5498209383064672, -0.6557816276080802, -0.5173464919099126], [-0.007720581158387284, -0.6153506810118513, 0.7882156633846015], [-0.8352468667563938, 0.4373716912077735, 0.33326967354333226]], "fy": 1034.9718637370904, "fx": 1035.4965990500061}, {"id": 27, "img_name": "IMG_6325", "width": 1332, "height": 876, "position": [-0.861265539103939, -1.0134476616254842, -2.1714225035047257], "rotation": [[-0.5476816488837091, -0.8357305264012624, 0.03999123300288195], [-0.05197612506462787, 0.08168866556606298, 0.9953016850891503], [-0.8350708316659659, 0.5430298786983132, -0.08817741741289056]], "fy": 1034.9718637370904, "fx": 1035.4965990500061}, {"id": 28, "img_name": "IMG_6326", "width": 1332, "height": 876, "position": [-1.262943040647227, -0.9905735478306575, -1.9051816885876627], "rotation": [[-0.5802743572495883, -0.8011861229546013, -0.14622744852985647], [-0.022433611231098875, -0.163755415477352, 0.9862458603152521], [-0.8141120336942018, 0.5755735924161345, 0.07704957045614481]], "fy": 1034.9718637370904, "fx": 1035.4965990500061}, {"id": 29, "img_name": "IMG_6329", "width": 1332, "height": 876, "position": [-0.5257006224777064, -0.9646595007576816, -0.9158329564708502], "rotation": [[-0.5627243100797645, -0.8228766189211716, -0.0788379406004068], [0.0968582317311286, -0.16034814148787824, 0.9822967761666032], [-0.8209505672031485, 0.54512617214205, 0.16993417153293364]], "fy": 1034.9718637370904, "fx": 1035.4965990500061}, {"id": 30, "img_name": "IMG_6330", "width": 1332, "height": 876, "position": [-0.6922527462676081, -0.9323878639523666, -0.8321843764027258], "rotation": [[-0.5586008250676461, -0.7027251154292469, -0.44061608048129236], [0.07088101084258265, -0.5697237086806849, 0.8187739480888847], [-0.8264024446573707, 0.4261364897683344, 0.3680580002557255]], "fy": 1034.9718637370904, "fx": 1035.4965990500061}, {"id": 31, "img_name": "IMG_6331", "width": 1332, "height": 876, "position": [0.7072874425294202, -1.0304148917954423, 0.164681993510444], "rotation": [[-0.49598151766272774, -0.8650893673025416, 0.07498480324082352], [0.035163169386878704, 0.06627429587238809, 0.9971816631012066], [-0.8676208190538341, 0.49722037798817853, -0.0024515418915685254]], "fy": 1034.9718637370904, "fx": 1035.4965990500061}, {"id": 32, "img_name": "IMG_6332", "width": 1332, "height": 876, "position": [0.3673727539612234, -1.01959235675161, 0.3918595009561532], "rotation": [[-0.5505189690437777, -0.8311700801723819, -0.07800745188257413], [0.06231560700120797, -0.13409512537463758, 0.9890072105272192], [-0.8324936215053225, 0.539606148201627, 0.12561677824222636]], "fy": 1034.9718637370904, "fx": 1035.4965990500061}, {"id": 33, "img_name": "IMG_6333", "width": 1332, "height": 876, "position": [0.10811484586064955, -1.0248750435873422, 0.5518564618615658], "rotation": [[-0.5329867749893813, -0.6666919483958099, -0.5210057040288687], [0.03257027932061561, -0.6314654155800197, 0.774719695006736], [-0.8454964663387987, 0.3959460504545433, 0.3582770583473811]], "fy": 1034.9718637370904, "fx": 1035.4965990500061}, {"id": 34, "img_name": "IMG_6334", "width": 1332, "height": 876, "position": [1.3592952271563874, -1.4090016760770219, 1.306615974135294], "rotation": [[-0.5310469819515655, -0.8473229634739256, 0.005735724008135018], [-0.010872332107993444, 0.013582276805923322, 0.9998486456215762], [-0.8472726216246259, 0.5309042449694025, -0.016425203767433755]], "fy": 1034.9718637370904, "fx": 1035.4965990500061}, {"id": 35, "img_name": "IMG_6335", "width": 1332, "height": 876, "position": [1.0765217892114345, -1.3380745258832154, 1.4748100930380061], "rotation": [[-0.564433428320424, -0.8112497195158613, -0.15260667606591766], [0.04239106401312516, -0.2131125178740015, 0.9761076028887583], [-0.8243894120415951, 0.5444786013341929, 0.1546775678722477]], "fy": 1034.9718637370904, "fx": 1035.4965990500061}, {"id": 36, "img_name": "IMG_6336", "width": 1332, "height": 876, "position": [0.7393235717570651, -1.4208407531990412, 1.6528966353572667], "rotation": [[-0.5508227403001542, -0.6798143638306058, -0.4841970048418482], [-0.0322149887608774, -0.5623894831778652, 0.8262446754503594], [-0.8340003017189888, 0.47071275735900947, 0.28787670414973376]], "fy": 1034.9718637370904, "fx": 1035.4965990500061}, {"id": 37, "img_name": "IMG_6337", "width": 1332, "height": 876, "position": [1.580771409823877, -1.2310859083232786, 2.5716059783601484], "rotation": [[-0.5532691362596722, -0.819421621916576, 0.14980476760799147], [0.06645418386228888, 0.13584554933123258, 0.9884987749987819], [-0.8303475804201957, 0.5568610170073891, -0.020705154619632522]], "fy": 1034.9718637370904, "fx": 1035.4965990500061}, {"id": 38, "img_name": "IMG_6338", "width": 1332, "height": 876, "position": [1.6262102398119933, -1.6265820085211362, 2.5571575547263543], "rotation": [[-0.5079726615928365, -0.7911841863642638, -0.3405750406612427], [-0.04654472498914747, -0.3695966019690676, 0.9280258295912905], [-0.8601147386540786, 0.48726372229013337, 0.15091951924780855]], "fy": 1034.9718637370904, "fx": 1035.4965990500061}, {"id": 39, "img_name": "IMG_6339", "width": 1332, "height": 876, "position": [1.45769000537924, -1.6028060625961522, 2.664352457106255], "rotation": [[-0.49949742946123693, -0.6186897103225539, -0.6064036282069979], [-0.004109803047805617, -0.6982800587003613, 0.715812872991488], [-0.8663056201367535, 0.3600388895139166, 0.3462464015077428]], "fy": 1034.9718637370904, "fx": 1035.4965990500061}, {"id": 40, "img_name": "IMG_6340", "width": 1332, "height": 876, "position": [2.4677435249123016, -1.444757025261709, 3.421889871435958], "rotation": [[-0.5616828726900156, -0.8266361753658874, 0.03442359805641839], [0.03556420825004633, 0.017445126905416646, 0.9992151193005443], [-0.826587888623006, 0.5624662666540206, 0.019600032093058054]], "fy": 1034.9718637370904, "fx": 1035.4965990500061}, {"id": 41, "img_name": "IMG_6341", "width": 1332, "height": 876, "position": [2.202036860276241, -1.4170813525344286, 3.5586572843448208], "rotation": [[-0.5673973700412023, -0.7800425961482502, -0.2638063165745365], [-0.06955455110706332, -0.27382374710240226, 0.9592615492883546], [-0.8205013034058032, 0.5626314101764113, 0.10111136134125051]], "fy": 1034.9718637370904, "fx": 1035.4965990500061}, {"id": 42, "img_name": "IMG_6342", "width": 1332, "height": 876, "position": [2.016508963421591, -1.4103780984620593, 3.6744339461622615], "rotation": [[-0.504474812222303, -0.6758689755783182, -0.5373139600680287], [-0.05304599474127773, -0.5968680167646544, 0.8005839699902422], [-0.8617953853874947, 0.43237680142919704, 0.2652527385545271]], "fy": 1034.9718637370904, "fx": 1035.4965990500061}, {"id": 43, "img_name": "IMG_6343", "width": 1332, "height": 876, "position": [2.761431025986951, -1.128594876831259, 3.520895883285504], "rotation": [[-0.031328956727510016, -0.8081498548311365, -0.58814310215013], [-0.9994874862829337, 0.029202587872133683, 0.013113871487553427], [0.006577327282987851, 0.5882525146550439, -0.808650553556868]], "fy": 1034.9718637370904, "fx": 1035.4965990500061}, {"id": 44, "img_name": "IMG_6344", "width": 1332, "height": 876, "position": [2.4905538970964285, -1.1585742085606388, 3.655063828753344], "rotation": [[-0.024102050741919286, -0.7565416124317397, -0.6535012469836741], [-0.9981514980543925, 0.05469200583725345, -0.026502291019261864], [0.05579137999553093, 0.6516544890942445, -0.7564613332890935]], "fy": 1034.9718637370904, "fx": 1035.4965990500061}, {"id": 45, "img_name": "IMG_6346", "width": 1332, "height": 876, "position": [2.685864628874788, 0.018387036255418217, 3.757074075660057], "rotation": [[0.0010486664512779939, -0.8502676490593271, -0.5263495276541995], [-0.9965477080013053, 0.042806624326666785, -0.07113549459377151], [0.08301545624773037, 0.5246070127980376, -0.8472873869869066]], "fy": 1034.9718637370904, "fx": 1035.4965990500061}, {"id": 46, "img_name": "IMG_6347", "width": 1332, "height": 876, "position": [2.5464655270387357, -0.0017495710629349462, 3.8220870436051486], "rotation": [[0.020941509550884915, -0.6059281532211311, -0.795243689891193], [-0.9937625784151134, 0.07452789136308577, -0.0829549947303799], [0.10953260208483806, 0.7920206225490606, -0.6005879973305519]], "fy": 1034.9718637370904, "fx": 1035.4965990500061}, {"id": 47, "img_name": "IMG_6348", "width": 1332, "height": 876, "position": [2.426316019613107, 0.010704812468674118, 4.025638248984267], "rotation": [[0.024041026800369823, -0.1745048092705473, -0.9843627891036076], [-0.997461949476511, 0.06182315771979931, -0.035320766074235205], [0.06702005951132772, 0.9827135740952204, -0.17257561505640143]], "fy": 1034.9718637370904, "fx": 1035.4965990500061}, {"id": 48, "img_name": "IMG_6349", "width": 1332, "height": 876, "position": [2.9500940215387588, 1.1726670013091807, 3.8397100330239056], "rotation": [[-0.07300609851393518, -0.8637247511965266, -0.4986478354011694], [-0.9938511113616617, 0.021271837971465563, 0.10866221677522152], [-0.08324709018916569, 0.5035147098941735, -0.8599667777857598]], "fy": 1034.9718637370904, "fx": 1035.4965990500061}, {"id": 49, "img_name": "IMG_6350", "width": 1332, "height": 876, "position": [2.658563717609204, 1.1689474985642974, 4.06263860600568], "rotation": [[-0.055128404788813444, -0.6984339642590981, -0.7135480758538708], [-0.9979908035387942, 0.016192411734541858, 0.06125489249203661], [-0.031228433156862103, 0.7154913020935613, -0.6979233350383316]], "fy": 1034.9718637370904, "fx": 1035.4965990500061}, {"id": 50, "img_name": "IMG_6351", "width": 1332, "height": 876, "position": [2.453173986910157, 1.1800688094504788, 4.228338745712571], "rotation": [[-0.011335074121754538, -0.2682685944863464, -0.9632774664171142], [-0.9992454888902823, -0.03274942581308909, 0.020878889849171977], [-0.037147934358120346, 0.962787326630982, -0.2676949656823818]], "fy": 1034.9718637370904, "fx": 1035.4965990500061}, {"id": 51, "img_name": "IMG_6352", "width": 1332, "height": 876, "position": [3.026913244283321, 1.9149822002756176, 3.8798986668943933], "rotation": [[0.5613407344632747, -0.8275706339266896, -0.004840009752928641], [-0.043482216516751875, -0.023652679079411792, -0.9987741724830275], [0.8264416958739568, 0.560863081896592, -0.049261817733766984]], "fy": 1034.9718637370904, "fx": 1035.4965990500061}, {"id": 52, "img_name": "IMG_6353", "width": 1332, "height": 876, "position": [2.8272689468880543, 1.9518209807067382, 4.026994936655123], "rotation": [[0.5322779026348095, -0.8436428603884112, -0.07033461795124656], [-0.04674674740131769, 0.053664891348383176, -0.9974641953694193], [0.8452780465468657, 0.5342160644834874, -0.010872923879459763]], "fy": 1034.9718637370904, "fx": 1035.4965990500061}, {"id": 53, "img_name": "IMG_6355", "width": 1332, "height": 876, "position": [1.7798104043052798, 1.3811798363743892, 2.76787736459007], "rotation": [[0.5359639424819841, -0.839103819485872, 0.0929915721094649], [-0.053053023210680395, -0.14340607151413487, -0.988240899467883], [0.8425722693557957, 0.5247280045672276, -0.12137747787592369]], "fy": 1034.9718637370904, "fx": 1035.4965990500061}, {"id": 54, "img_name": "IMG_6356", "width": 1332, "height": 876, "position": [1.7874681625200914, 1.6599854806370953, 2.7311353135119254], "rotation": [[0.528369640326605, -0.6879748446733593, -0.4975099358583715], [-0.10544616305080469, 0.5282727710020522, -0.842501623805958], [0.8424408761919124, 0.49761279376085193, 0.20657898636241417]], "fy": 1034.9718637370904, "fx": 1035.4965990500061}, {"id": 55, "img_name": "IMG_6357", "width": 1332, "height": 876, "position": [1.4469654472983446, 1.6408750616445436, 1.4423606744310782], "rotation": [[0.5360342560599806, -0.8439732294957955, 0.019402686016642228], [-0.02158046594325684, -0.03667531011659157, -0.9990941923149805], [0.8439203515853229, 0.5351299931066179, -0.037872558110270654]], "fy": 1034.9718637370904, "fx": 1035.4965990500061}, {"id": 56, "img_name": "IMG_6358", "width": 1332, "height": 876, "position": [1.1453758633309632, 1.6031549068806275, 1.6365305913220167], "rotation": [[0.5379758391385285, -0.8362269109196748, -0.1063322620700526], [-0.01709516299697812, 0.11529258926078728, -0.9931844613482683], [0.8427868959026966, 0.5361270113651069, 0.04772919210939444]], "fy": 1034.9718637370904, "fx": 1035.4965990500061}, {"id": 57, "img_name": "IMG_6359", "width": 1332, "height": 876, "position": [0.9127933901433015, 1.540822364709827, 1.7712849273680973], "rotation": [[0.524272070460975, -0.6661766956180217, -0.5304219135273504], [-0.06196732741240612, 0.5913917761118962, -0.8039998864928904], [0.8492931451907086, 0.4543835135242808, 0.26876900150390043]], "fy": 1034.9718637370904, "fx": 1035.4965990500061}, {"id": 58, "img_name": "IMG_6360", "width": 1332, "height": 876, "position": [1.0902530180202639, 1.6056283717933546, 1.014879504333094], "rotation": [[-0.0063610385831622636, -0.8359265653392455, 0.5488044410792201], [0.9999745167182089, -0.0035387764884309276, 0.00620023992673021], [-0.0032408490133932007, 0.5488298957063988, 0.8359277734808046]], "fy": 1034.9718637370904, "fx": 1035.4965990500061}, {"id": 59, "img_name": "IMG_6361", "width": 1332, "height": 876, "position": [0.8676322687615878, 1.554592962446705, 1.1727337144575434], "rotation": [[0.015138628425823059, -0.9207375318240169, 0.38988872697219923], [0.9976308035069092, -0.012262126298766553, -0.06769357541740104], [0.06710888036275926, 0.38998979185262056, 0.9183704919188151]], "fy": 1034.9718637370904, "fx": 1035.4965990500061}, {"id": 60, "img_name": "IMG_6362", "width": 1332, "height": 876, "position": [0.543948633422196, 1.4982866873346061, 1.3808537983837972], "rotation": [[-0.02278111158356248, -0.9994210962875941, 0.025268423977772795], [0.9992098384862023, -0.02358513285654901, -0.03199125162472193], [0.03256869090698326, 0.024519661568670616, 0.9991686877445486]], "fy": 1034.9718637370904, "fx": 1035.4965990500061}, {"id": 61, "img_name": "IMG_6363", "width": 1332, "height": 876, "position": [0.9308960608836762, 0.8771445682073356, 0.6055668749817683], "rotation": [[0.5417468946072592, -0.8398470770906261, -0.034164152056258154], [-0.08547243863924227, -0.014608561568270841, -0.9962334325658654], [0.8361846473216619, 0.5426264617867782, -0.07969792062726518]], "fy": 1034.9718637370904, "fx": 1035.4965990500061}, {"id": 62, "img_name": "IMG_6364", "width": 1332, "height": 876, "position": [0.6142350277791931, 0.8251815088911874, 0.8054941753507644], "rotation": [[0.510191857685998, -0.8415377473368073, -0.17753447033802258], [-0.027107692005330884, 0.19058423838506114, -0.9812965001024564], [0.8596333179821816, 0.5054620340702928, 0.07442238056167941]], "fy": 1034.9718637370904, "fx": 1035.4965990500061}, {"id": 63, "img_name": "IMG_6365", "width": 1332, "height": 876, "position": [0.3273897696836488, 0.8478780381250621, 0.98942125159193], "rotation": [[0.5230158235738429, -0.6474999273324057, -0.5542547179735182], [-0.04462452083317739, 0.6285926065945086, -0.7764534674242436], [0.85115398162247, 0.4308308009407529, 0.29986950583372973]], "fy": 1034.9718637370904, "fx": 1035.4965990500061}, {"id": 64, "img_name": "IMG_6366", "width": 1332, "height": 876, "position": [0.2151087637293067, 0.7248286856499391, -0.5788117784278549], "rotation": [[0.574941714612618, -0.8122688811305789, 0.09829185899747757], [-0.04630511218506398, -0.152242868149417, -0.9872577908951479], [0.8168830157273631, 0.5630642715041652, -0.12514297731655633]], "fy": 1034.9718637370904, "fx": 1035.4965990500061}, {"id": 65, "img_name": "IMG_6367", "width": 1332, "height": 876, "position": [-0.04019813950114635, 0.7578471888268108, -0.41715517218735004], "rotation": [[0.5197541005423694, -0.849747953842221, -0.0882274895389812], [-0.07131261654129345, 0.05975861453535596, -0.9956623015414661], [0.8513343559914792, 0.5237912971115246, -0.0295379650416169]], "fy": 1034.9718637370904, "fx": 1035.4965990500061}, {"id": 66, "img_name": "IMG_6368", "width": 1332, "height": 876, "position": [-0.40947136850891597, 0.7280970417822795, -0.1964057977478524], "rotation": [[0.5102401570233126, -0.6282781776444203, -0.587300190410859], [-0.04595199503263206, 0.6619903796831375, -0.7481023668987395], [0.8588034678046812, 0.40869948458834837, 0.30890343957921895]], "fy": 1034.9718637370904, "fx": 1035.4965990500061}, {"id": 67, "img_name": "IMG_6369", "width": 1332, "height": 876, "position": [-0.39816014761458035, 0.7660779838723599, -1.513346934652287], "rotation": [[0.5665794305254599, -0.8235072955682051, 0.028696394396967324], [-0.05812565898923197, -0.07468107219365182, -0.9955120015464775], [0.821954473600888, 0.5623686260825252, -0.09017966359185209]], "fy": 1034.9718637370904, "fx": 1035.4965990500061}, {"id": 68, "img_name": "IMG_6370", "width": 1332, "height": 876, "position": [-0.6008479203446608, 0.7892993748073613, -1.3463553493217648], "rotation": [[0.5314569740926944, -0.8448786397931131, -0.06110293535973525], [-0.023305073585888972, 0.057522456622943315, -0.9980721619849026], [0.8467646415819411, 0.5318564195395222, 0.01088075186768352]], "fy": 1034.9718637370904, "fx": 1035.4965990500061}, {"id": 69, "img_name": "IMG_6371", "width": 1332, "height": 876, "position": [-0.9547278193863072, 0.7484009941303894, -1.1567166172188115], "rotation": [[0.5250755752562688, -0.6467602411040531, -0.5531698028601395], [-0.002393309952666803, 0.6488560878669073, -0.7609073854980792], [0.8510522383125309, 0.40085778995184734, 0.3391505858732249]], "fy": 1034.9718637370904, "fx": 1035.4965990500061}, {"id": 70, "img_name": "IMG_6372", "width": 1332, "height": 876, "position": [-1.2465787876082075, 0.9908093276019291, -2.852047616653408], "rotation": [[0.5761793391527412, -0.8130271156742757, 0.08369156655170584], [0.012438828864435588, -0.09366250861781758, -0.995526298003171], [0.8172286367167952, 0.5746427095663753, -0.04385329716478412]], "fy": 1034.9718637370904, "fx": 1035.4965990500061}, {"id": 71, "img_name": "IMG_6373", "width": 1332, "height": 876, "position": [-1.7109113849232114, 0.9940671493934892, -2.5194265747788], "rotation": [[0.5209416519524634, -0.8315381606615874, -0.19277988127546491], [0.017170428520976274, 0.2360079439588775, -0.9715994168239859], [0.8534195753821472, 0.5028364920646147, 0.13722423474994588]], "fy": 1034.9718637370904, "fx": 1035.4965990500061}, {"id": 72, "img_name": "IMG_6374", "width": 1332, "height": 876, "position": [-1.9011000626507508, 0.9974360435436948, -2.387396008698207], "rotation": [[0.5713653428035769, -0.658521724510952, -0.4897864671365197], [0.064193979287129, 0.630825984312508, -0.7732643212637184], [0.8181813845757155, 0.4103750916701415, 0.40270523471950037]], "fy": 1034.9718637370904, "fx": 1035.4965990500061}, {"id": 73, "img_name": "IMG_6375", "width": 1332, "height": 876, "position": [-1.5287599423141238, 0.7813046734341491, -2.376685481895217], "rotation": [[-0.07078128746416515, -0.8157502916365784, -0.5740570276895427], [-0.9956449130455435, 0.02277270604320728, 0.0904024943571914], [-0.06067302919294171, 0.5779557643577119, -0.8138095096361588]], "fy": 1034.9718637370904, "fx": 1035.4965990500061}, {"id": 74, "img_name": "IMG_6376", "width": 1332, "height": 876, "position": [-1.8353757469431693, 0.7743642469102555, -2.1752467224592067], "rotation": [[-0.025807287071454386, -0.44446593343783974, -0.8954239319714664], [-0.9991504679931144, -0.01732064284873164, 0.037394353055607434], [-0.03212983416004945, 0.8956282874856825, -0.44364134659915466]], "fy": 1034.9718637370904, "fx": 1035.4965990500061}, {"id": 75, "img_name": "IMG_6377", "width": 1332, "height": 876, "position": [-1.489251881840317, -0.04344579574589171, -2.4625254480673777], "rotation": [[-0.011399333055369531, -0.7750732165822235, -0.6317686001557674], [-0.9993593405756295, -0.012605270348541869, 0.03349650076773635], [-0.033925854596981754, 0.6317456894164971, -0.7744329669464867]], "fy": 1034.9718637370904, "fx": 1035.4965990500061}, {"id": 76, "img_name": "IMG_6378", "width": 1332, "height": 876, "position": [-1.8310740688330267, -0.08338737815725927, -2.2286414820344445], "rotation": [[-0.003840651547117165, -0.5576982409797852, -0.8300348916785047], [-0.999922440376221, 0.011975751497766493, -0.0034197380201057385], [0.011847473475641948, 0.8299573804624651, -0.5577009808025504]], "fy": 1034.9718637370904, "fx": 1035.4965990500061}, {"id": 77, "img_name": "IMG_6379", "width": 1332, "height": 876, "position": [-1.4709832106394394, -1.2381872383238828, -2.564272401275478], "rotation": [[-0.024349953714285676, -0.7967968348699863, -0.603756477145615], [-0.9996965853057899, 0.017162011435539647, 0.017669258372382268], [-0.003717133580560061, 0.6040035341822576, -0.7969729691860858]], "fy": 1034.9718637370904, "fx": 1035.4965990500061}, {"id": 78, "img_name": "IMG_6380", "width": 1332, "height": 876, "position": [-1.9167158199043022, -1.3499153603442435, -2.2949431131386984], "rotation": [[0.016154559590449636, -0.46859363398694165, -0.883266118670557], [-0.9987938396061853, -0.04852783366423999, 0.007477655019406072], [-0.04636697282734796, 0.8820799598374105, -0.46881238068555725]], "fy": 1034.9718637370904, "fx": 1035.4965990500061}, {"id": 79, "img_name": "IMG_6381", "width": 1332, "height": 876, "position": [0.32110110876761677, 0.9259476981932263, 0.6150747630744355], "rotation": [[0.040562101806110334, -0.8889760070732079, 0.45615389370830395], [0.9962596098372802, 0.0011217159192390305, -0.08640330757712099], [0.07629879228363182, 0.4579523999299189, 0.8856963891167713]], "fy": 1034.9718637370904, "fx": 1035.4965990500061}, {"id": 80, "img_name": "IMG_6382", "width": 1332, "height": 876, "position": [-0.04311983208156082, 0.940462875465836, 0.7644537801088], "rotation": [[0.028101431236243746, -0.9744031233795708, 0.22304453077941994], [0.9988727179348847, 0.03591264370016146, 0.03104151072099166], [-0.03825706376410572, 0.22192078580115518, 0.9743138929018443]], "fy": 1034.9718637370904, "fx": 1035.4965990500061}, {"id": 81, "img_name": "IMG_6383", "width": 1332, "height": 876, "position": [0.35875044970086317, 0.21460961967118294, 0.315130880063217], "rotation": [[0.012204922580815939, -0.9215735446627527, 0.3880119091503839], [0.9998516419727284, 0.006530914624230629, -0.0159386699134534], [0.012154583877504925, 0.3881488747013193, 0.9215165311370516]], "fy": 1034.9718637370904, "fx": 1035.4965990500061}, {"id": 82, "img_name": "IMG_6384", "width": 1332, "height": 876, "position": [-0.2613365292420045, 0.15064195273255174, 0.5173856842266977], "rotation": [[0.017059722460082513, -0.9944722183255756, 0.10360488814816317], [0.9997152855981135, 0.015236611331553797, -0.018362827032160918], [0.01668273392063927, 0.10388865507715274, 0.9944490101232912]], "fy": 1034.9718637370904, "fx": 1035.4965990500061}, {"id": 83, "img_name": "IMG_6385", "width": 1332, "height": 876, "position": [0.21175053383400005, -0.7861259451412655, 0.0887504115679193], "rotation": [[-0.020800081792252696, -0.9174962989770175, 0.397200072961865], [0.9997776318803118, -0.017708989354371023, 0.011448951386151844], [-0.0034703586603250457, 0.39734988745376787, 0.9176606254772222]], "fy": 1034.9718637370904, "fx": 1035.4965990500061}, {"id": 84, "img_name": "IMG_6386", "width": 1332, "height": 876, "position": [-0.25285116883792785, -0.8251560624869626, 0.30432914163502467], "rotation": [[0.0700118901222524, -0.9952818770551619, -0.06717380774574996], [0.9960056037667054, 0.07348608263128371, -0.05072112897825321], [0.05541816044249497, -0.06335440683221225, 0.996451226417083]], "fy": 1034.9718637370904, "fx": 1035.4965990500061}, {"id": 85, "img_name": "IMG_6387", "width": 1332, "height": 876, "position": [-2.8748251899308075, -0.41436937232032683, -3.204926399977608], "rotation": [[-0.37322121667495856, -0.6167684942325254, 0.6930386338046433], [0.6861809964253424, 0.3192413446593739, 0.6536364463559223], [-0.6243889521511308, 0.719500930077382, 0.3040671768695114]], "fy": 1034.9718637370904, "fx": 1035.4965990500061}, {"id": 86, "img_name": "IMG_6388", "width": 1332, "height": 876, "position": [-2.9294434512421685, -0.4094884248257518, -3.3018192186291397], "rotation": [[-0.564605991631091, -0.7189492629886104, 0.4053788739715062], [-0.09124346368662227, 0.5425130240111229, 0.8350773910918524], [-0.8203015936524447, 0.4345015259195768, -0.3719055248646072]], "fy": 1034.9718637370904, "fx": 1035.4965990500061}, {"id": 87, "img_name": "IMG_6390", "width": 1332, "height": 876, "position": [-2.826447212890748, -0.11063573125393014, -3.149618153227886], "rotation": [[0.1321410253918643, -0.9862625128977875, 0.09912116353699578], [-0.9104640298346625, -0.16030262753013438, -0.3812588595484196], [0.39191070384159354, -0.03986631735533289, -0.9191390955426226]], "fy": 1034.9718637370904, "fx": 1035.4965990500061}, {"id": 88, "img_name": "IMG_6392", "width": 1332, "height": 876, "position": [-2.9412926027132857, 0.07214065253444184, -3.2644979150884152], "rotation": [[0.34782394789645815, -0.4932829992031496, 0.7973019402753683], [0.6589292403774336, -0.47633738752414106, -0.5821640227824919], [0.6669563384850165, 0.7278561505845923, 0.15935704129670206]], "fy": 1034.9718637370904, "fx": 1035.4965990500061}, {"id": 89, "img_name": "IMG_6393", "width": 1332, "height": 876, "position": [-3.1455928733962883, -0.06510077626972922, -3.3677326999078865], "rotation": [[0.36204080791215687, -0.8352511698345924, -0.4138622194598797], [-0.7767082849159342, -0.024815318603160406, -0.6293714643241869], [0.5154131290035796, 0.5493083680889711, -0.6577306615919395]], "fy": 1034.9718637370904, "fx": 1035.4965990500061}, {"id": 90, "img_name": "IMG_6394", "width": 1332, "height": 876, "position": [-3.0587864067996917, -0.21298516925093897, -3.223808486032694], "rotation": [[0.5432794692391272, -0.8389513922055464, -0.0317486979201932], [-0.0531004483102354, 0.003403461279407786, -0.9985833760085192], [0.8378709689997048, 0.5441957166017525, -0.042699664399158115]], "fy": 1034.9718637370904, "fx": 1035.4965990500061}, {"id": 91, "img_name": "IMG_6395", "width": 1332, "height": 876, "position": [-3.050186315866152, -0.18743243595649692, -3.2364428737350615], "rotation": [[0.4350750041775104, -0.8456039834462505, 0.30929539912480486], [0.604038880465635, 0.01937145370359657, -0.7967193845183079], [0.667717583732645, 0.5334591361681251, 0.5192057187791713]], "fy": 1034.9718637370904, "fx": 1035.4965990500061}, {"id": 92, "img_name": "IMG_6396", "width": 1332, "height": 876, "position": [-3.0143167969230173, 0.014659666145924864, -3.171779261239351], "rotation": [[0.0412074065703495, -0.843862552474192, 0.5349747117158785], [0.9984673148403567, 0.014980613968346398, -0.05327853602173624], [0.036945511760347605, 0.5363502342097679, 0.8431864891137033]], "fy": 1034.9718637370904, "fx": 1035.4965990500061}, {"id": 93, "img_name": "IMG_6397", "width": 1332, "height": 876, "position": [-3.0055693275895043, -0.05559559442609348, -3.137074860799517], "rotation": [[-0.3774179979398824, -0.8409208087404867, 0.38782450703674703], [0.685252181879368, 0.028086181331340845, 0.727764119511115], [-0.6228845013809671, 0.5404288665915878, 0.5656425886493305]], "fy": 1034.9718637370904, "fx": 1035.4965990500061}, {"id": 94, "img_name": "IMG_6398", "width": 1332, "height": 876, "position": [-3.1211950207781705, -0.0719845954975358, -3.266072357616961], "rotation": [[-0.5349586937364139, -0.8439931507642453, 0.03866209330690122], [0.05863131988267778, 0.00856503182041987, 0.9982429606857893], [-0.8428413636768455, 0.536285559840051, 0.04490249416678505]], "fy": 1034.9718637370904, "fx": 1035.4965990500061}, {"id": 95, "img_name": "IMG_6399", "width": 1332, "height": 876, "position": [-3.0027157903335557, -0.032156679394645865, -3.1213999650968245], "rotation": [[-0.41919207314781987, -0.8599577728288011, -0.29111962276933556], [-0.5711078238038418, 0.0005012819049996655, 0.820874900521688], [-0.70577181822461, 0.5103649455710876, -0.4913387456044436]], "fy": 1034.9718637370904, "fx": 1035.4965990500061}, {"id": 96, "img_name": "IMG_6401", "width": 1332, "height": 876, "position": [-0.9189391884813307, -0.0896778284603761, -0.026965812364670213], "rotation": [[-0.38937182947935406, -0.8264752203081359, -0.40660581479427843], [-0.7626486145465166, 0.04174881343587516, 0.6454642726805067], [-0.5164849166608642, 0.5614229660365834, -0.646565993591146]], "fy": 1034.9718637370904, "fx": 1035.4965990500061}, {"id": 97, "img_name": "IMG_6402", "width": 1332, "height": 876, "position": [-0.9617013925555645, -0.1893005345213377, -0.06517182814825913], "rotation": [[-0.09772497290333439, -0.8102876965053555, -0.57782668557543], [-0.9922432779331214, 0.0345052605398513, 0.11942639738186481], [-0.07683168010382567, 0.5850155860206815, -0.8073745457006313]], "fy": 1034.9718637370904, "fx": 1035.4965990500061}, {"id": 98, "img_name": "IMG_6403", "width": 1332, "height": 876, "position": [-0.9609204226992378, -0.31091167476284115, -0.038442344969652036], "rotation": [[0.23029657750895194, -0.8193532350241656, -0.5249988215635325], [-0.8757830494682808, 0.06068114388540635, -0.4788756091521028], [0.42422580856390896, 0.5700684827564081, -0.7036010150050273]], "fy": 1034.9718637370904, "fx": 1035.4965990500061}, {"id": 99, "img_name": "IMG_6404", "width": 1332, "height": 876, "position": [-1.0160672760690683, -0.060194147397940864, -0.053067900377459225], "rotation": [[0.5106992016350731, -0.8595509667518322, -0.018933066452356647], [-0.04818672